2008169388
2008217746
2010270439
2007002080
2010435239
2010315326
2008394562
2008346561
2008420111
2010604478
2008504570
2007154049
2010679423
2007142436
2006935948
2010826164
2008662262
2007217877
2010952421
2008920607
2010207793
2006767348
2005775898
2007116703
2007106469
2006000252
2007357071
2006892752
2006911357
2010190488
2004216173
2005320162
2004078522
2005407794
2010296397
2005633022
2005458154
2010367841
2005733426
2008377526
2010529684
2010537329
2005689649
2005803467
2005756633
2004232534
2005779729
2004250773
2007167788
2004292133
2005890510
2005864941
2007214076
2005696367
2008699960
2004493862
2004343805
2005730268
2010920560
2005752931
2004381610
2010846227
2008807559
2016391512
2005847359
2005881556
